<?xml version="1.0"?>
<opencv_storage>
<cameraMatrix type_id="opencv-matrix">
  <rows>3</rows>
  <cols>3</cols>
  <dt>d</dt>
  <data>
    7.2512028426419135e+02 0. 3.8246781161105253e+02 0.
    7.2521887733367339e+02 2.3599041871537938e+02 0. 0. 1.</data></cameraMatrix>
<distCoeffs type_id="opencv-matrix">
  <rows>1</rows>
  <cols>5</cols>
  <dt>d</dt>
  <data>
    7.1228543501387909e-02 1.8254703917034092e-02
    -1.3594973341165722e-03 3.7896050797567769e-05
    -3.6830246630342311e-01</data></distCoeffs>
<rms_error>1.0557660814487280e-01</rms_error>
</opencv_storage>
