<?xml version="1.0"?>
<opencv_storage>
<cameraMatrix type_id="opencv-matrix">
  <rows>3</rows>
  <cols>3</cols>
  <dt>d</dt>
  <data>
    7.2733984606389868e+02 0. 3.8194407311347470e+02 0.
    7.2683916240237352e+02 2.4324943085058504e+02 0. 0. 1.</data></cameraMatrix>
<distCoeffs type_id="opencv-matrix">
  <rows>1</rows>
  <cols>5</cols>
  <dt>d</dt>
  <data>
    9.8902846508574602e-02 -2.5082579680514144e-01
    1.4077896786238780e-03 4.9249659593410256e-04 2.3868903428679725e-01</data></distCoeffs>
<rms_error>4.1260159452912465e-01</rms_error>
</opencv_storage>
