<?xml version="1.0"?>
<opencv_storage>
<R type_id="opencv-matrix">
  <rows>3</rows>
  <cols>3</cols>
  <dt>d</dt>
  <data>
    9.9998443321578068e-01 -2.3321484292724111e-03
    5.0689653596718218e-03 2.3259400280942399e-03 9.9999653813108946e-01
    1.2303368735074340e-03 -5.0718171397852677e-03
    -1.2185276116876904e-03 9.9998639583814342e-01</data></R>
<T type_id="opencv-matrix">
  <rows>3</rows>
  <cols>1</cols>
  <dt>d</dt>
  <data>
    -5.9459981771158500e-02 -6.8782318241126508e-04
    -5.9226552889115615e-04</data></T>
<Q type_id="opencv-matrix">
  <rows>4</rows>
  <cols>4</cols>
  <dt>d</dt>
  <data>
    1. 0. 0. -3.6972975921630859e+02 0. 1. 0. -2.4335428047180176e+02 0.
    0. 0. 7.2103078082987065e+02 0. 0. 1.6816074862424735e+01
    -1.8119951882893048e+01</data></Q>
<E type_id="opencv-matrix">
  <rows>3</rows>
  <cols>3</cols>
  <dt>d</dt>
  <data>
    4.8660875066034484e-06 5.9310161008526189e-04
    -6.8708513903426071e-04 -8.9382646389974860e-04
    -7.1072378455687660e-05 5.9456170694492813e-02
    5.4951212354491198e-04 -5.9461380034250659e-02
    -6.9669256185914239e-05</data></E>
<F type_id="opencv-matrix">
  <rows>3</rows>
  <cols>3</cols>
  <dt>d</dt>
  <data>
    -1.5054033693768577e-08 -1.8352469857755255e-06
    1.9762042110855979e-03 2.7656969834919413e-06 2.1996049274652587e-07
    -1.3361265864205912e-01 -1.9046114074535920e-03
    1.3350047379662100e-01 1.</data></F>
<rms_error>1.5496629322001199e-01</rms_error>
</opencv_storage>
