<?xml version="1.0"?>
<opencv_storage>
<R type_id="opencv-matrix">
  <rows>3</rows>
  <cols>3</cols>
  <dt>d</dt>
  <data>
    9.9999675830656209e-01 -2.2648555380618308e-03
    1.1635315891752075e-03 2.2651009777876381e-03 9.9999741267482056e-01
    -2.0966932300200392e-04 -1.1630537080132685e-03
    2.1230415985865381e-04 9.9999930111626378e-01</data></R>
<T type_id="opencv-matrix">
  <rows>3</rows>
  <cols>1</cols>
  <dt>d</dt>
  <data>
    -5.9837181689828559e-02 3.5731122210799846e-04
    3.0523202297752262e-04</data></T>
<Q type_id="opencv-matrix">
  <rows>4</rows>
  <cols>4</cols>
  <dt>d</dt>
  <data>
    1. 0. 0. -3.8632369995117188e+02 0. 1. 0. -2.3962383651733398e+02 0.
    0. 0. 7.2602901986802340e+02 0. 0. 1.6711501680253587e+01
    7.4535704668245293e+00</data></Q>
<E type_id="opencv-matrix">
  <rows>3</rows>
  <cols>3</cols>
  <dt>d</dt>
  <data>
    -1.1069534954859455e-06 -3.0515537458420631e-04
    3.5737497018061281e-04 2.3563717746745796e-04 1.2012376149334217e-05
    5.9837495017696217e-02 -4.9284732256824168e-04
    -5.9836217613281499e-02 1.2130278481164804e-05</data></E>
<F type_id="opencv-matrix">
  <rows>3</rows>
  <cols>3</cols>
  <dt>d</dt>
  <data>
    4.3749631507350700e-09 1.2058880758188625e-06
    -1.3104381980353608e-03 -9.3193987957429231e-07
    -4.7502225982817053e-08 -1.7123640669980050e-01
    1.6417780212246748e-03 1.7153475331879109e-01 9.9999999999999989e-01</data></F>
<rms_error>3.2731991136005006e-01</rms_error>
</opencv_storage>
