<?xml version="1.0"?>
<opencv_storage>
<cameraMatrix type_id="opencv-matrix">
  <rows>3</rows>
  <cols>3</cols>
  <dt>d</dt>
  <data>
    7.1933463017881263e+02 0. 3.7843433422402802e+02 0.
    7.1941179693044182e+02 2.3873387444372977e+02 0. 0. 1.</data></cameraMatrix>
<distCoeffs type_id="opencv-matrix">
  <rows>1</rows>
  <cols>5</cols>
  <dt>d</dt>
  <data>
    6.6802949490507718e-02 1.8608537781625741e-02
    -1.0711871631615918e-03 -7.0873945745187868e-04
    -2.9005175757008117e-01</data></distCoeffs>
<rms_error>1.8499470507241356e-01</rms_error>
</opencv_storage>
