<?xml version="1.0"?>
<opencv_storage>
<cameraMatrix type_id="opencv-matrix">
  <rows>3</rows>
  <cols>3</cols>
  <dt>d</dt>
  <data>
    7.2183319731782126e+02 0. 3.7714756830329151e+02 0.
    7.2193130166394883e+02 2.4549771799098716e+02 0. 0. 1.</data></cameraMatrix>
<distCoeffs type_id="opencv-matrix">
  <rows>1</rows>
  <cols>5</cols>
  <dt>d</dt>
  <data>
    6.6183608534282304e-02 -7.9089913908401040e-03
    1.5887347311958312e-03 -7.5950938529545560e-04
    -2.3117051775174957e-01</data></distCoeffs>
<rms_error>1.9751411551940043e-01</rms_error>
</opencv_storage>
