<?xml version="1.0"?>
<opencv_storage>
<R type_id="opencv-matrix">
  <rows>3</rows>
  <cols>3</cols>
  <dt>d</dt>
  <data>
    9.9999476276731636e-01 -2.4694490523576428e-03
    2.0919510788986306e-03 2.4667826870315296e-03 9.9999614313352436e-01
    1.2762058026593761e-03 -2.0950945357326271e-03
    -1.2710387301691072e-03 9.9999699751520887e-01</data></R>
<T type_id="opencv-matrix">
  <rows>3</rows>
  <cols>1</cols>
  <dt>d</dt>
  <data>
    -6.0088477619751418e-02 -1.6233916410101133e-05
    3.4073971556584546e-04</data></T>
<Q type_id="opencv-matrix">
  <rows>4</rows>
  <cols>4</cols>
  <dt>d</dt>
  <data>
    1. 0. 0. -3.8126248168945313e+02 0. 1. 0. -2.4221282577514648e+02 0.
    0. 0. 7.2067154929719527e+02 0. 0. 1.6641857565140644e+01
    9.3797090730649195e+00</data></Q>
<E type_id="opencv-matrix">
  <rows>3</rows>
  <cols>3</cols>
  <dt>d</dt>
  <data>
    -8.0651924157753221e-07 -3.4071776744175997e-04
    -1.6668721670215649e-05 2.1484688991103701e-04
    -7.7216221659308354e-05 6.0089010015826845e-02
    -1.3199138489318081e-04 -6.0088285955346009e-02
    -7.6651303252345959e-05</data></E>
<F type_id="opencv-matrix">
  <rows>3</rows>
  <cols>3</cols>
  <dt>d</dt>
  <data>
    2.9772864471564974e-09 1.2576334564720515e-06
    -2.5710358783000018e-04 -7.9300502220104314e-07
    2.8497635472412159e-07 -1.5930914409609093e-01
    5.4527096888389221e-04 1.5955374825478633e-01 1.</data></F>
<rms_error>1.9292469020323547e-01</rms_error>
</opencv_storage>
